0.0984045714
-0.033735767
0.00409638509
-0.404215306
0.401078135
0.184901744
-0.721285343
0.129032627
0.00426288508
-0.874894202
0.512729645
-0.687986255
0.881357551
0.0302700847
0.877777278
1.11246848
1.51794708
0.0702761561
-0.151409268
-0.655513048
-1.79977548
-0.894730747
0.102582544
-0.277887344
-0.137960926
-0.824733675
-0.430829167
-0.232917637
-0.141195849
0.559668422
-0.392348886
-0.67418474
1.17709327
0.155066252
-0.612632811
0.583271265
-0.826885283
0.400348246
-0.723083496
-0.372958362
1.10997784
-0.772711992
0.246773064
0.775592744
0.685351431
-0.116786629
0.626792073
-0.0841789395
0.527949214
0.0104175806
0.321994931
-0.0332247093
-0.338199735
1.1841011
0.0955290347
-0.194150761
-0.397285938
0.545659602
0.270818114
0.217341006
-0.356635094
-0.584928274
1.39547086
1.47953308
-0.977633119
0.564074576
0.403171569
-0.0324788764
0.222773492
-0.553015411
0.170427218
-0.470985323
-1.06136918
-0.58558172
1.2546277
0.674556017
-0.436569422
0.885757744
0.870652974
0.444142461
-0.722731531
-0.0120421015
0.275044054
0.711750448
0.835003912
1.49790013
1.06227505
1.16851938
-0.328852028
0.342579871
-0.936139584
-0.196786225
0.489286691
0.244882971
-0.348260134
0.335871994
0.988658547
-0.284570843
-0.781917393
-1.14528799
-0.0863014162
-0.760953128
-0.0973813683
-0.371060789
-0.781406581
1.15365279
-0.0453317836
-1.38352132
-0.0623821318
1.40317345
0.0932974294
-0.434454322
0.00556011312
-0.713621855
0.291686386
1.38175035
-0.55858469
-0.518831491
0.208219677
-0.499099821
0.267963052
0.805701017
-0.735720515
-0.947848439
0.00934427232
-0.0398655012
-0.318930149
-0.297216892
-1.09067059
0.773419857
0.783819139
0.225616053
0.954255223
0.684377372
0.336740375
1.00560308
1.19407058
0.196631148
0.532200992
0.715549588
0.202199042
0.00898621976
0.376271248
-0.499368191
-0.55323422
-10.727334
0.0725437179
0.362422317
0.335357606
0.735741377
-0.0852208585
-1.17654562
0.612759888
0.166192621
0.915589571
0.0616519153
-0.00790185854
0.0514241308
-0.164260104
0.567010105
-0.175624281
0.31698814
-1.31742525
-0.423146099
-1.18180525
0.168312311
1.60553551
0.934234262
1.61905789
-0.278205782
0.222447753
0.793673575
0.401497304
-1.09478247
-0.761810303
3.53131437
0.446234941
-0.515463948
-0.386564612
0.631679356
1.17485917
0.44193992
-0.433977157
-0.498427153
1.09181345
-0.680282772
0.486615419
-0.483428955
-0.489411533
0.479452193
0.171505496
-0.441153288
0.214185774
1.18698239
-0.433265179
-0.392978936
1.27261174
0.313983291
-0.329496384
-0.845510185
-0.408999413
-1.15659904
0.410319954
-0.503868103
0.118746608
-0.108417109
-0.417265534
1.56537378
0.69046694
-0.248896793
0.0373693407
-0.13201347
-0.171597332
0.230167061
0.0680294633
1.32647645
-1.09276819
0.495390594
-0.036935959
-0.586466372
-0.134364858
-0.741201639
0.113951661
0.512861431
-0.914093912
-0.0246088952
0.925903797
1.39987111
-0.240857899
-1.07659531
-0.429473728
-0.294784814
-0.0533629954
0.168647319
-0.577023327
0.638976753
-0.336210996
-0.272290081
-0.992755115
-0.172831982
0.181827366
-0.194604486
0.871513247
-0.964418411
-0.218574166
-1.34177005
0.205611825
0.972006857
0.649655104
-0.200107053
-0.972843051
0.780213654
0.324115813
0.309898525
-0.355140567
0.148642391
0.218654811
1.23905325
0.405157685
-1.04886138
-1.733446
0.938345969
0.0316841453
-1.48006201
-0.325017482
-0.906632423
-0.569092274
0.308425546
0.541174412
-0.265405715
-0.566694736
0.794807971
0.212753713
0.15459846
0.0162976328
-0.20783779
1.07457376
0.292121589
-0.44857946
-0.474253774
0.887455583
-0.25953871
-0.137180984
-0.565075099
0.310046852
0.583221078
-0.590110779
0.289235771
-0.109919898
-0.283448488
-0.48099491
-0.670271099
0.462426871
0.100220814
-0.206644714
-0.426784277
0.10882619
0.377563685
-0.0743322298
0.0743546635
-0.201872051
0.692636609
0.289698273
-0.989802718
-0.979746342
-0.901200116
-1.52955687
0.180547997
-2.35077691
-0.0275857858
-1.79013228
0.24678722
0.325855494
0.0263407528
-0.448337287
-0.189696789
-0.654012859
-0.13771978
0.263127595
0.568094671
0.683323741
0.908047497
1.0323962
-0.159609213
-0.404012561
-1.27347958
-0.243444219
-1.21710026
1.07152665
0.325609803
0.711815596
0.740301609
0.82444495
-0.319259703
-0.556638479
0.332815498
0.207919121
-0.564575672
-0.273082763
-0.641553283
0.572873473
-0.280236959
0.50254935
-0.544017732
1.38623381
0.597497702
0.397119135
-0.452694297
0.263053298
0.842809141
-1.24285781
0.0493593663
-0.301162302
0.484621674
0.326502383
1.258968
-0.772821963
0.265659183
0.300881326
0.779021442
-0.84290868
0.929538786
-0.175740704
0.00437622331
-0.114017457
-1.14218378
0.988080144
-0.281679809
-0.343716294
-1.23975313
-0.204455152
-0.796568036
1.07931924
-0.882334054
0.543114543
-0.347343445
-0.750843048
0.00271107256
0.0485219397
-0.292737365
-0.559800267
-0.477162868
-0.146317601
-0.923277855
0.541979492
-0.60173142
-0.487985879
0.0021382086
-0.0966337621
0.418232888
0.211307272
-0.385030776
-0.467857748
-0.259443641
-0.370830923
-0.704456508
-0.258214831
-1.57700896
0.259182096
-0.106385492
-0.0301774777
0.592504859
-1.31890297
-0.185077548
-0.290639669
-0.769669652
-0.466689974
0.123039603
0.464260548
0.172486544
0.252001345
-0.812511802
-0.181252867
-0.443358928
1.00298798
0.534056723
0.0943152755
-0.110182077
-0.201622158
-0.285444289
1.72833252
0.498743057
0.0571046323
0.901537001
-0.468786985
0.178900093
0.944445431
-0.87166971
-1.3563664
0.13926439
0.0427509174
0.00582183152
-0.890483916
0.150643542
0.350546032
-0.0475011095
0.427739084
-0.466787964
0.377223015
0.613845825
-0.618739784
-0.140836149
0.105740979
1.7528671
0.620010257
-0.213082239
-1.75310326
1.43173969
0.597352147
-0.671585441
0.304685056
-0.490288764
-0.923254251
1.10340917
-0.234019041
0.417652696
-0.121710025
0.280595779
0.201912448
1.05451822
-0.0451315716
-0.192793429
-0.939321876
-0.654590786
-1.22425604
0.255104929
0.12157838
-0.61348021
0.458918899
0.220869318
0.183814779
-0.59472692
0.0651339442
0.0760806724
-0.940488458
0.13166064
0.989177406
-0.237128437
0.425190389
-0.303645968
0.955097377
0.90389663
-0.766136467
0.251377285
-0.295732617
-0.0404232964
1.52958143
-0.56323266
-0.0231209174
0.498670161
-0.572121203
0.45938164
-0.59764719
0.909595132
1.56652164
0.552942514
0.678131402
-0.0165137425
-0.338314831
0.429810703
0.296296656
-0.106604815
-0.195297867
-1.88870561
-0.334602058
-1.0346123
-0.822507977
-0.868425488
0.292685866
-0.471402347
0.0393931791
-0.33930099
-0.930804312
-0.285399199
0.385247469
-0.923553884
0.63970077
-0.00728870928
-0.237633377
1.43714452
-0.130870193
0.603844404
0.805995643
0.608622849
0.782072604
0.142338812
-0.327868223
-0.639721215
-1.06101668
-0.773060083
0.118821636
-0.684709251
-0.790922344
0.668282449
0.299573541
-0.194851652
0.109104499
-0.00413140282
-0.138828903
-1.41155982
-1.18869936
-0.136790857
0.331063181
-0.236701965
0.668518782
-0.113463208
-0.848469734
-0.0793668479
-0.769519866
-0.0704642534
-0.789711952
-0.806013525
-0.551847756
-0.153582945
-0.252311736
-0.507799923
0.136023805
0.270576864
-0.227955669
-0.230162576
-1.51619899
0.930506766
0.954744399
-0.372601271
0.254062265
-1.42028809
-0.448359311
-0.377079219
0.797093749
0.351664454
0.431483924
0.325942755
-0.246675655
0.744742572
0.4832367
0.689215064
0.26301977
0.787579179
0.732997358
-1.0325017
0.612386107
0.0856336951
-0.488105237
0.694525659
-0.0914751738
-0.54732269
-1.16172278
-0.524222851
0.672646523
1.03597021
-0.834036589
0.892114758
-0.510401726
-0.0687447637
1.01696646
0.129828274
0.461845219
-0.201491952
-0.666457415
0.577691138
0.150569245
0.343285203
0.635359406
0.52896744
-0.00178873516
0.0588525981
-1.57298589
-0.018209219
0.443343818
0.803067863
-0.532883584
-1.46719182
-0.0101372749
0.639303803
1.30390275
-1.57353306
0.288514763
0.442149937
-1.12918401
0.423197806
-0.534772754
0.770737708
-0.271746695
0.480602801
0.429032058
0.864405692
0.209408671
0.220912755
0.588322341
-0.546871543
0.336158186
-0.520153046
-0.503692627
0.207492262
0.157060295
0.0998931304
-0.357779503
0.427253246
0.274270058
-0.606294096
0.347108364
0.675458252
0.49641946
0.982417464
0.642076969
1.11624873
-1.79506004
-0.969810665
-0.771206856
1.41959834
0.3749955
-0.733668804
0.72189647
0.149151593
-1.18679535
-0.257541448
-0.466888994
-0.651082575
0.0798849612
-1.34055877
-0.685328066
0.0402233638
-1.62873232
-0.30233708
-0.352482766
-0.350158662
-0.353784919
-0.0130215948
0.145335823
0.821676075
0.298125476
-0.0245560165
-1.76582515
-0.134110838
0.258565485
0.734231591
-0.045769725
-0.858087003
0.697757423
1.23968256
-1.37198365
0.218242392
-1.89212918
-0.0874085054
0.224730194
0.0211607758
0.124579951
-0.054217197
0.0595214069
1.09328139
0.205743447
-0.842981458
0.811656356
-0.0187698454
-0.706036806
0.335932791
0.323612064
-0.630718112
-0.249612808
-0.92707926
-0.250412285
0.826733828
-0.33926636
0.313765198
1.36167717
-0.598938644
1.53258383
0.325014144
-0.000446237624
0.194740415
-0.0463332608
-0.197205082
1.11626387
0.328043878
0.148167744
-0.887300014
0.242280632
1.33836734
-0.237779289
-0.177348867
0.567598104
0.476275712
-0.575197518
-0.148813516
-0.0670552403
-0.315408319
-0.586981177
-0.047988236
1.52137947
0.0966149271
-0.729653955
0.909730911
-0.515484273
-0.540775776
-0.901477814
-0.534199059
-0.230803072
1.16254365
-0.677904189
0.343827963
-1.04000592
0.368347764
-1.11777711
-0.62766993
-0.566262245
0.28210181
0.449013233
0.227480754
1.36957073
-0.108939394
-0.760129571
-0.666877031
-0.31882301
0.155577093
-0.942146063
0.192907527
0.160954744
0.607998431
0.410071909
-1.0838151
1.03226566
-0.236221373
-0.249038041
-0.500438333
-0.174516827
1.22895539
-0.661513507
-0.437756002
