0.0912685096
-0.0476735383
-0.00793610886
-0.407253444
0.377809197
0.166244134
-0.731864452
0.126428023
0.00644237362
-0.860534489
0.50821209
-0.685025573
0.899282336
0.014617905
0.883027017
1.09781504
1.48774683
0.0724141598
-0.156656027
-0.661525965
-1.80277312
-0.91595608
0.101279318
-0.273098707
-0.111826882
-0.819798291
-0.4097628
-0.217496127
-0.129065752
0.537972629
-0.392224461
-0.673294067
1.16951489
0.137863085
-0.604670465
0.570495963
-0.822259724
0.393804491
-0.722082436
-0.359210461
1.12000084
-0.767294168
0.241629541
0.777077854
0.68157202
-0.0963491201
0.634323359
-0.0760152936
0.519188821
0.0106866658
0.321470082
-0.0448998138
-0.335526437
1.19702613
0.0902820081
-0.178449079
-0.396090209
0.538005233
0.256995499
0.231800348
-0.362054706
-0.589481592
1.40304565
1.48443925
-0.970672369
0.577200174
0.40516451
-0.0475080237
0.23983404
-0.555422664
0.178465828
-0.457397193
-1.04083741
-0.582211494
1.24113953
0.678333163
-0.436579436
0.86554575
0.8778795
0.456222713
-0.70907253
-0.0141662322
0.277727962
0.730638564
0.843039751
1.4835403
1.06798661
1.19062424
-0.337848812
0.343822032
-0.948595822
-0.210459158
0.489190906
0.235278487
-0.363856316
0.346605122
0.980710626
-0.29815653
-0.779467285
-1.13117743
-0.0971918479
-0.766940594
-0.0955909267
-0.35837999
-0.782967746
1.13603425
-0.0424381569
-1.37130356
-0.0612712651
1.41342354
0.0937495604
-0.449394047
0.0170827638
-0.720764577
0.284927696
1.35803652
-0.578513026
-0.516772985
0.202419877
-0.513421655
0.272757083
0.792301416
-0.748697162
-0.950337112
0.0335116014
-0.0429502055
-0.305698514
-0.294592321
-1.09491169
0.773522258
0.760884762
0.230781272
0.965126395
0.686982632
0.338027388
1.0152216
1.19587409
0.190125868
0.547368288
0.724403381
0.193578094
0.00785216689
0.365894973
-0.503729343
-0.542567134
-10.7335825
0.068161644
0.366154253
0.339798421
0.740850925
-0.0796208233
-1.19116056
0.618403494
0.162595302
0.916537225
0.0598967075
0.00426171347
0.0536539108
-0.162669823
0.561228633
-0.196191698
0.339741141
-1.31924391
-0.410909921
-1.16952538
0.15344511
1.61646211
0.949782848
1.61794078
-0.290045887
0.218995482
0.800037563
0.391633153
-1.09071612
-0.776132226
3.52645659
0.455988944
-0.51894933
-0.381404757
0.626181364
1.16434169
0.455540359
-0.411058575
-0.499286532
1.09774065
-0.693145454
0.474488676
-0.468032777
-0.481345296
0.475502491
0.174666777
-0.444778651
0.199231714
1.17394423
-0.434479922
-0.408806294
1.29282928
0.312915504
-0.325430065
-0.835192502
-0.403587759
-1.16174316
0.398352385
-0.501378298
0.136422455
-0.0979296714
-0.414768696
1.56681204
0.700901091
-0.253385425
0.0386774838
-0.135037497
-0.170986786
0.23124516
0.0870261937
1.31158614
-1.09853053
0.486119092
-0.0324855112
-0.589957833
-0.137837335
-0.746117592
0.117132612
0.509886742
-0.9009884
-0.0299876183
0.931204319
1.39474487
-0.226789594
-1.073928
-0.436662227
-0.284446031
-0.0605516434
0.188126817
-0.596435487
0.649771094
-0.326296389
-0.263674468
-1.00443482
-0.155567944
0.18399176
-0.181902081
0.871280372
-0.982433319
-0.221203595
-1.33767188
0.193186998
0.969558835
0.648814261
-0.20897238
-0.960012555
0.774404585
0.327688873
0.304842204
-0.351629674
0.149391741
0.214038774
1.22181094
0.413966894
-1.04152048
-1.72220111
0.929949582
0.0413472354
-1.48548365
-0.328207523
-0.909636736
-0.561162412
0.305347472
0.539317966
-0.270427108
-0.566336751
0.810978174
0.218420744
0.16208671
0.0196897779
-0.197876945
1.07705021
0.279601872
-0.452196956
-0.465546846
0.889673352
-0.242234454
-0.140165746
-0.552922368
0.310003996
0.568972707
-0.591040671
0.28617385
-0.12084306
-0.27666986
-0.467532605
-0.672568679
0.47242716
0.111361183
-0.214461595
-0.430297196
0.112399206
0.406156838
-0.0811201409
0.0790791214
-0.196692556
0.698128343
0.290935934
-1.00768113
-1.00101626
-0.900418699
-1.54341376
0.185013577
-2.30784512
-0.025954742
-1.79284549
0.238048613
0.322472364
0.0108019859
-0.456459314
-0.19214797
-0.635034204
-0.123310231
0.260623038
0.570076704
0.666029572
0.895056307
1.01211286
-0.152256653
-0.401991695
-1.27240539
-0.24424386
-1.21516252
1.06093538
0.320394039
0.708388567
0.760048151
0.81892544
-0.33324942
-0.554306924
0.341820687
0.207391322
-0.545502782
-0.292928904
-0.655224204
0.556415558
-0.287426174
0.515178204
-0.558349073
1.40439475
0.597608566
0.401999623
-0.444068879
0.256805956
0.842142761
-1.25589859
0.0579295605
-0.290488183
0.479936689
0.334170222
1.26847267
-0.740968287
0.274269909
0.302700937
0.800086677
-0.843001485
0.932106316
-0.166191459
-0.0165407527
-0.110577449
-1.1244601
0.998607397
-0.267647207
-0.347472727
-1.22853422
-0.195912912
-0.775291443
1.08179808
-0.891027153
0.54924494
-0.343845069
-0.767553508
0.00399067253
0.0486475937
-0.299118251
-0.553575397
-0.454552203
-0.15341194
-0.926321983
0.525651753
-0.627126455
-0.496914238
-0.0244784243
-0.101108484
0.421675146
0.210468307
-0.384225488
-0.461154252
-0.276174128
-0.378311664
-0.697280765
-0.243327767
-1.56996107
0.255119711
-0.0892510787
-0.0330553241
0.576840818
-1.30975878
-0.183143198
-0.301450044
-0.747004509
-0.458849996
0.096623987
0.465660483
0.165214419
0.24227272
-0.825927377
-0.186612695
-0.450993389
1.01008642
0.541541815
0.113958269
-0.125077516
-0.191923007
-0.281047195
1.7299422
0.505179822
0.0585143715
0.894795895
-0.465573698
0.172218889
0.946974099
-0.86975956
-1.35970473
0.134304062
0.0494015589
-0.00353818387
-0.885758758
0.174258336
0.363800049
-0.0668484941
0.420733333
-0.477810889
0.395114243
0.615201831
-0.613068044
-0.135256439
0.101482078
1.75543606
0.596185744
-0.208258912
-1.76128864
1.42113543
0.579400003
-0.678775311
0.293935537
-0.496519148
-0.917037785
1.11674118
-0.227025509
0.419368267
-0.116805963
0.286192536
0.215892315
1.04716074
-0.0363761783
-0.176315248
-0.968497813
-0.643485427
-1.23353899
0.268575788
0.147232816
-0.626349926
0.452360779
0.212216988
0.192092791
-0.593178272
0.065512076
0.0809317902
-0.917303324
0.12862438
0.982273161
-0.245359242
0.43628636
-0.288968295
0.958218992
0.889270961
-0.772581697
0.247719511
-0.296315372
-0.0331529975
1.54251564
-0.568592787
0.000470213592
0.492659509
-0.577730596
0.479242384
-0.589494526
0.924782515
1.53911793
0.551832676
0.671995699
-0.0146186426
-0.356986523
0.449277312
0.302925259
-0.130904257
-0.204880401
-1.88555384
-0.324109226
-1.04417503
-0.82245791
-0.886315405
0.297382593
-0.43840301
0.0577909574
-0.33605513
-0.947255433
-0.298582971
0.381484091
-0.937861145
0.664512455
0.00774997473
-0.236804426
1.45710588
-0.141417831
0.595286846
0.821578085
0.611732185
0.784255922
0.157059252
-0.30935812
-0.65214777
-1.07291794
-0.776487112
0.139105529
-0.692910671
-0.793468714
0.682063699
0.291296482
-0.219303071
0.121961638
-0.00304361805
-0.132568508
-1.39264703
-1.19689739
-0.115788177
0.363322496
-0.260930955
0.684861183
-0.104525805
-0.851987243
-0.0780117512
-0.755048156
-0.0908420682
-0.790524662
-0.803939939
-0.549751818
-0.1711566
-0.256059468
-0.507674098
0.155938715
0.2696639
-0.247392833
-0.228894547
-1.50760972
0.932848275
0.958689213
-0.369498312
0.240220994
-1.42454016
-0.442670673
-0.39293161
0.791153729
0.353392452
0.427275181
0.308091611
-0.256995976
0.74320358
0.476487011
0.683996558
0.246330947
0.81380868
0.712804675
-1.05089855
0.607703447
0.0900272131
-0.50302434
0.699181378
-0.0847563297
-0.543486059
-1.18477082
-0.517829657
0.670588017
1.01553655
-0.845429063
0.873316526
-0.509616256
-0.07521905
1.00895202
0.122667335
0.442940563
-0.184990466
-0.654384375
0.56924206
0.151277408
0.35464114
0.649313867
0.527726412
-0.00997518003
0.0660936683
-1.56936097
-0.0283303857
0.437033713
0.795732558
-0.544432342
-1.46467268
0.0113687739
0.626812577
1.32326555
-1.57051861
0.291744322
0.43920061
-1.12203956
0.421230018
-0.520359933
0.752350152
-0.282714099
0.486203045
0.43160674
0.861053944
0.231051385
0.219658673
0.581802666
-0.556276858
0.344557464
-0.496732652
-0.499029726
0.201416492
0.135878026
0.0937294513
-0.348629475
0.430285871
0.284113556
-0.604569733
0.337421656
0.676479101
0.50635612
1.00555432
0.633186102
1.11944973
-1.78037
-0.957504988
-0.785790682
1.44886732
0.379405528
-0.749502718
0.710523069
0.166304141
-1.16427839
-0.261787951
-0.46338281
-0.655420959
0.0749676675
-1.34649253
-0.708052456
0.0436629578
-1.64436162
-0.300709158
-0.367232472
-0.35543102
-0.342217565
-0.0124119734
0.156739265
0.820620775
0.293355256
-0.0383619145
-1.77894115
-0.140113413
0.261916161
0.745884776
-0.0442924835
-0.848353207
0.689124584
1.23944771
-1.37267494
0.225803539
-1.90176845
-0.0827763453
0.233766466
-0.00323692523
0.140005752
-0.0575167909
0.0616451502
1.10320258
0.174057573
-0.819972157
0.830395341
-0.02456595
-0.703663468
0.349722803
0.302987069
-0.628617883
-0.24762544
-0.905692637
-0.246949211
0.832103133
-0.31309253
0.310249627
1.36904526
-0.610186636
1.51801395
0.336519748
0.002942577
0.191784397
-0.0409386232
-0.194485426
1.12081683
0.330870509
0.134601906
-0.891570568
0.222541988
1.33091915
-0.247914046
-0.195369989
0.575854301
0.503144383
-0.554588139
-0.145320684
-0.0657913089
-0.330257505
-0.589583099
-0.0369724631
1.52176201
0.0773133039
-0.714663446
0.895081997
-0.537745237
-0.544745743
-0.892591715
-0.541523576
-0.252720356
1.16902173
-0.686508894
0.351792842
-1.03764474
0.358937263
-1.12002504
-0.642207921
-0.549300373
0.302112639
0.443066418
0.220647171
1.35254741
-0.105911687
-0.776145279
-0.662263989
-0.300723284
0.164258942
-0.942073822
0.20921199
0.159602582
0.602075338
0.392255306
-1.07178557
1.02514088
-0.233204007
-0.259297609
-0.484144181
-0.175973773
1.22301471
-0.656715214
-0.433333099
